thi  ths  tho  thp  weight      mises      stiff_y        stiff_z
3    3    4    2    0.175107    219.284    5.17721e+07    5.05425e+07    
3    3    4    3    0.186526    224.194    5.69189e+07    5.37476e+07    
3    3    4    4    0.208847    219.959    5.90075e+07    5.59623e+07    
3    3    4    5    0.220972    233.09    6.03599e+07    5.75705e+07    
3    3    4    6    0.234074    211.268    6.13702e+07    5.90232e+07    
3    3    5    2    0.182714    215.276    5.46182e+07    5.40302e+07    
3    3    5    3    0.194133    219.8    6.14914e+07    5.75244e+07    
3    3    5    4    0.216454    215.497    6.38761e+07    5.98538e+07    
3    3    5    5    0.228579    228.244    6.54547e+07    6.15957e+07    
3    3    5    6    0.241681    206.827    6.65838e+07    6.31381e+07    
3    3    6    2    0.190332    211.856    5.71557e+07    5.71942e+07    
3    3    6    3    0.201751    216.065    6.50899e+07    6.09359e+07    
3    3    6    4    0.224072    211.718    6.82637e+07    6.33983e+07    
3    3    6    5    0.236197    224.164    7.00111e+07    6.52326e+07    
3    3    6    6    0.249299    203.035    7.12858e+07    6.68681e+07    
3    3    7    2    0.197962    208.864    5.94338e+07    6.00869e+07    
3    3    7    3    0.209381    212.78    6.78733e+07    6.40558e+07    
3    3    7    4    0.231702    208.37    7.22707e+07    6.66441e+07    
3    3    7    5    0.243826    220.505    7.419e+07    6.85786e+07    
3    3    7    6    0.256929    199.674    7.55946e+07    7.02959e+07    
3    3    8    2    0.205602    206.118    6.15631e+07    6.28056e+07    
3    3    8    3    0.217021    209.781    7.0456e+07    6.69774e+07    
3    3    8    4    0.239342    205.352    7.5995e+07    6.96954e+07    
3    3    8    5    0.251467    217.199    7.80712e+07    7.17016e+07    
3    3    8    6    0.264569    196.635    7.9592e+07    7.34852e+07    
3    3    9    2    0.213254    203.556    6.35671e+07    6.5382e+07    
3    3    9    3    0.224673    206.995    7.28816e+07    6.97427e+07    
3    3    9    4    0.246994    202.506    7.92928e+07    7.2576e+07    
3    3    9    5    0.259118    214.088    8.1758e+07    7.46885e+07    
3    3    9    6    0.272221    193.798    8.33776e+07    7.6522e+07    
3    3    10    2    0.220916    201.083    6.55086e+07    6.78919e+07    
3    3    10    3    0.232335    204.303    7.52605e+07    7.2464e+07    
3    3    10    4    0.254656    199.752    8.19606e+07    7.53898e+07    
3    3    10    5    0.266781    211.152    8.53071e+07    7.75883e+07    
3    3    10    6    0.279883    191.07    8.70452e+07    7.95078e+07    
3    4    4    2    0.181637    217.677    5.24041e+07    5.4931e+07    
3    4    4    3    0.193015    222.613    5.93982e+07    5.83539e+07    
3    4    4    4    0.215293    218.4    6.19886e+07    6.06825e+07    
3    4    4    5    0.227371    231.443    6.35015e+07    6.23516e+07    
3    4    4    6    0.240425    209.768    6.46498e+07    6.37877e+07    
3    4    5    2    0.189244    213.767    5.52321e+07    5.87457e+07    
3    4    5    3    0.200622    218.328    6.28116e+07    6.24557e+07    
3    4    5    4    0.2229    214.052    6.70088e+07    6.49405e+07    
3    4    5    5    0.234978    226.72    6.87566e+07    6.67521e+07    
3    4    5    6    0.248032    205.438    7.00253e+07    6.82772e+07    
3    4    6    2    0.196862    210.424    5.77532e+07    6.22054e+07    
3    4    6    3    0.20824    214.677    6.58729e+07    6.61824e+07    
3    4    6    4    0.230518    210.361    7.1445e+07    6.88145e+07    
3    4    6    5    0.242596    222.734    7.34573e+07    7.0729e+07    
3    4    6    6    0.25565    201.734    7.48794e+07    7.2347e+07    
3    4    7    2    0.204491    207.494    6.00219e+07    6.53746e+07    
3    4    7    3    0.21587    211.461    6.86429e+07    6.95939e+07    
3    4    7    4    0.238147    207.085    7.45506e+07    7.23653e+07    
3    4    7    5    0.250225    219.153    7.77781e+07    7.43873e+07    
3    4    7    6    0.26328    198.444    7.93319e+07    7.60891e+07    
3    4    8    2    0.212131    204.802    6.21408e+07    6.83531e+07    
3    4    8    3    0.22351    208.521    7.12129e+07    7.27918e+07    
3    4    8    4    0.245787    204.128    7.74411e+07    7.57026e+07    
3    4    8    5    0.257866    215.912    8.17944e+07    7.78074e+07    
3    4    8    6    0.27092    195.465    8.34674e+07    7.95727e+07    
3    4    9    2    0.219783    202.291    6.4135e+07    7.10581e+07    
3    4    9    3    0.231162    205.787    7.36281e+07    7.58167e+07    
3    4    9    4    0.253439    201.336    8.01629e+07    7.88552e+07    
3    4    9    5    0.265517    212.862    8.48844e+07    8.10647e+07    
3    4    9    6    0.278572    192.681    8.73861e+07    8.28904e+07    
3    4    10    2    0.227446    199.858    6.60697e+07    7.27547e+07    
3    4    10    3    0.238824    203.142    7.59988e+07    7.87982e+07    
3    4    10    4    0.261102    198.633    8.28179e+07    8.1936e+07    
3    4    10    5    0.27318    209.978    8.77497e+07    8.42388e+07    
3    4    10    6    0.286235    190.002    9.11872e+07    8.61523e+07    
3    5    4    2    0.188556    215.614    5.32089e+07    5.93024e+07    
3    5    4    3    0.199934    220.573    6.04488e+07    6.30919e+07    
3    5    4    4    0.222211    216.399    6.513e+07    6.55581e+07    
3    5    4    5    0.234289    229.34    6.67997e+07    6.73459e+07    
3    5    4    6    0.247345    207.859    6.80697e+07    6.87982e+07    
3    5    5    2    0.196163    211.814    5.60094e+07    6.33949e+07    
3    5    5    3    0.207541    216.406    6.38349e+07    6.75134e+07    
3    5    5    4    0.229818    212.176    6.92295e+07    7.0148e+07    
3    5    5    5    0.241896    224.751    7.21954e+07    7.20887e+07    
3    5    5    6    0.254952    203.651    7.35863e+07    7.36294e+07    
3    5    6    2    0.203781    208.558    5.85145e+07    6.66447e+07    
3    5    6    3    0.215159    212.852    6.68745e+07    7.15303e+07    
3    5    6    4    0.237436    208.582    7.26259e+07    7.43247e+07    
3    5    6    5    0.249514    220.87    7.67795e+07    7.63763e+07    
3    5    6    6    0.262571    200.045    7.85737e+07    7.80097e+07    
3    5    7    2    0.21141    205.7    6.07659e+07    6.85501e+07    
3    5    7    3    0.222788    209.715    6.96238e+07    7.52053e+07    
3    5    7    4    0.245065    205.388    7.5712e+07    7.81557e+07    
3    5    7    5    0.257143    217.377    8.01152e+07    8.03174e+07    
3    5    7    6    0.2702    196.837    8.31517e+07    8.20401e+07    
3    5    8    2    0.219051    203.072    6.28707e+07    7.03225e+07    
3    5    8    3    0.230429    206.845    7.21801e+07    7.86549e+07    
3    5    8    4    0.252706    202.501    7.85867e+07    8.1757e+07    
3    5    8    5    0.264784    214.214    8.32078e+07    8.4007e+07    
3    5    8    6    0.27784    193.93    8.67622e+07    8.57907e+07    
3    5    9    2    0.226702    200.615    6.48543e+07    7.19652e+07    
3    5    9    3    0.23808    204.174    7.45828e+07    8.11129e+07    
3    5    9    4    0.260357    199.774    8.12942e+07    8.5159e+07    
3    5    9    5    0.272435    211.234    8.61609e+07    8.75209e+07    
3    5    9    6    0.285492    191.21    8.98738e+07    8.93654e+07    
3    5    10    2    0.234365    198.234    6.67782e+07    7.36417e+07    
3    5    10    3    0.245743    201.586    7.69414e+07    8.30276e+07    
3    5    10    4    0.26802    197.131    8.3937e+07    8.84856e+07    
3    5    10    5    0.280098    208.415    8.90138e+07    9.09487e+07    
3    5    10    6    0.293155    188.59    9.29062e+07    9.28806e+07    
3    6    4    2    0.195491    213.105    5.41334e+07    6.17754e+07    
3    6    4    3    0.206868    218.067    6.16708e+07    6.77874e+07    
3    6    4    4    0.229144    213.946    6.6908e+07    7.05265e+07    
3    6    4    5    0.241222    226.752    7.01568e+07    7.24846e+07    
3    6    4    6    0.254281    205.498    7.15618e+07    7.4033e+07    
3    6    5    2    0.203098    209.42    5.69115e+07    6.54034e+07    
3    6    5    3    0.214475    214.032    6.50262e+07    7.2476e+07    
3    6    5    4    0.236751    209.858    7.06567e+07    7.54046e+07    
3    6    5    5    0.248829    222.309    7.47338e+07    7.75245e+07    
3    6    5    6    0.261888    201.427    7.7201e+07    7.91663e+07    
3    6    6    2    0.210716    206.262    5.93932e+07    6.78126e+07    
3    6    6    3    0.222093    210.585    6.80426e+07    7.64845e+07    
3    6    6    4    0.244369    206.374    7.40276e+07    7.9842e+07    
3    6    6    5    0.256447    218.548    7.83609e+07    8.20835e+07    
3    6    6    6    0.269506    197.931    8.17144e+07    8.38216e+07    
3    6    7    2    0.218345    203.484    6.16281e+07    6.9683e+07    
3    6    7    3    0.229722    207.539    7.07723e+07    7.86545e+07    
3    6    7    4    0.251998    203.273    7.70937e+07    8.39162e+07    
3    6    7    5    0.264076    215.159    8.1675e+07    8.6273e+07    
3    6    7    6    0.277135    194.819    8.52122e+07    8.81048e+07    
3    6    8    2    0.225985    200.927    6.37183e+07    7.14179e+07    
3    6    8    3    0.237363    204.749    7.33104e+07    8.06514e+07    
3    6    8    4    0.259639    200.468    7.99508e+07    8.68337e+07    
3    6    8    5    0.271716    212.085    8.4749e+07    9.01978e+07    
3    6    8    6    0.284775    191.994    8.8465e+07    9.20942e+07    
3    6    9    2    0.233637    198.533    6.56862e+07    7.30426e+07    
3    6    9    3    0.245014    202.149    7.56988e+07    8.25319e+07    
3    6    9    4    0.26729    197.815    8.26421e+07    8.88657e+07    
3    6    9    5    0.279368    209.187    8.76863e+07    9.33551e+07    
3    6    9    6    0.292427    189.349    9.15589e+07    9.58958e+07    
3    6    10    2    0.2413    196.212    6.7598e+07    7.46975e+07    
3    6    10    3    0.252677    199.628    7.80439e+07    8.44198e+07    
3    6    10    4    0.274953    195.241    8.5272e+07    9.09013e+07    
3    6    10    5    0.287031    206.441    9.05245e+07    9.55039e+07    
3    6    10    6    0.30009    186.8    9.45776e+07    9.91013e+07    
3    7    4    2    0.20244    210.208    5.51537e+07    6.3182e+07    
3    7    4    3    0.213817    215.136    6.30427e+07    7.04852e+07    
3    7    4    4    0.236092    211.082    6.85527e+07    7.54403e+07    
3    7    4    5    0.24817    223.72    7.25442e+07    7.76599e+07    
3    7    4    6    0.261231    202.724    7.51937e+07    7.93799e+07    
3    7    5    2    0.210047    206.649    5.79039e+07    6.67583e+07    
3    7    5    3    0.221424    211.241    6.63665e+07    7.48951e+07    
3    7    5    4    0.243699    207.139    7.22683e+07    8.03471e+07    
3    7    5    5    0.255777    219.439    7.65702e+07    8.29467e+07    
3    7    5    6    0.268838    198.802    7.98881e+07    8.47702e+07    
3    7    6    2    0.217665    203.595    6.03622e+07    6.90759e+07    
3    7    6    3    0.229042    207.91    6.93578e+07    7.81841e+07    
3    7    6    4    0.251317    203.776    7.56118e+07    8.43519e+07    
3    7    6    5    0.263395    215.807    8.01714e+07    8.77321e+07    
3    7    6    6    0.276456    195.43    8.37055e+07    8.96568e+07    
3    7    7    2    0.225295    200.905    6.25763e+07    7.09073e+07    
3    7    7    3    0.236671    204.963    7.20657e+07    8.0306e+07    
3    7    7    4    0.258947    200.778    7.86553e+07    8.66693e+07    
3    7    7    5    0.271024    212.532    8.3462e+07    9.12068e+07    
3    7    7    6    0.284085    192.422    8.71806e+07    9.41528e+07    
3    7    8    2    0.232935    198.426    6.46494e+07    7.26183e+07    
3    7    8    3    0.244311    202.263    7.45856e+07    8.22633e+07    
3    7    8    4    0.266587    198.063    8.14927e+07    8.87613e+07    
3    7    8    5    0.278664    209.558    8.6516e+07    9.33937e+07    
3    7    8    6    0.291726    189.69    9.04122e+07    9.70301e+07    
3    7    9    2    0.240587    196.103    6.66044e+07    7.4208e+07    
3    7    9    3    0.251963    199.743    7.69581e+07    8.41088e+07    
3    7    9    4    0.274239    195.492    8.41662e+07    9.07538e+07    
3    7    9    5    0.286316    206.751    8.94383e+07    9.54976e+07    
3    7    9    6    0.299377    187.13    9.34893e+07    9.91959e+07    
3    7    10    2    0.248249    193.849    6.85016e+07    7.58381e+07    
3    7    10    3    0.259626    197.295    7.92891e+07    8.59671e+07    
3    7    10    4    0.281901    192.997    8.67816e+07    9.27568e+07    
3    7    10    5    0.293979    204.089    9.22607e+07    9.76101e+07    
3    7    10    6    0.30704    184.661    9.64925e+07    1.01395e+08    
3    8    4    2    0.209405    206.989    5.62539e+07    6.4696e+07    
3    8    4    3    0.220781    211.855    6.45218e+07    7.24715e+07    
3    8    4    4    0.243056    207.853    7.03486e+07    7.77949e+07    
3    8    4    5    0.255133    220.289    7.46021e+07    8.15606e+07    
3    8    4    6    0.268196    199.582    7.79558e+07    8.45933e+07    
3    8    5    2    0.217012    203.56    5.89752e+07    6.82093e+07    
3    8    5    3    0.228388    208.111    6.78133e+07    7.68303e+07    
3    8    5    4    0.250663    204.067    7.40304e+07    8.26577e+07    
3    8    5    5    0.26274    216.179    7.85874e+07    8.68526e+07    
3    8    5    6    0.275803    195.818    8.21254e+07    9.01205e+07    
3    8    6    2    0.22463    200.616    6.14103e+07    7.04332e+07    
3    8    6    3    0.236006    204.902    7.07789e+07    8.00147e+07    
3    8    6    4    0.258281    200.831    7.73456e+07    8.65565e+07    
3    8    6    5    0.270358    212.686    8.21653e+07    9.11508e+07    
3    8    6    6    0.283421    192.577    8.59137e+07    9.47525e+07    
3    8    7    2    0.232259    198.018    6.36069e+07    7.22245e+07    
3    8    7    3    0.243635    202.06    7.34647e+07    8.20865e+07    
3    8    7    4    0.26591    197.944    8.03657e+07    8.88153e+07    
3    8    7    5    0.277987    209.534    8.54315e+07    9.36446e+07    
3    8    7    6    0.291051    189.685    8.9365e+07    9.74371e+07    
3    8    8    2    0.2399    195.623    6.56626e+07    7.39014e+07    
3    8    8    3    0.251276    199.457    7.59647e+07    8.39995e+07    
3    8    8    4    0.273551    195.326    8.31825e+07    9.08571e+07    
3    8    8    5    0.285628    206.668    8.84651e+07    9.57764e+07    
3    8    8    6    0.298691    187.056    9.25751e+07    9.96626e+07    
3    8    9    2    0.247552    193.372    6.76079e+07    7.54624e+07    
3    8    9    3    0.258927    197.022    7.83206e+07    8.58094e+07    
3    8    9    4    0.281202    192.844    8.58392e+07    9.28077e+07    
3    8    9    5    0.293279    203.961    9.13697e+07    9.78278e+07    
3    8    9    6    0.306343    184.587    9.56344e+07    1.01777e+08    
3    8    10    2    0.255214    191.189    6.9493e+07    7.70683e+07    
3    8    10    3    0.26659    194.654    8.06369e+07    8.76365e+07    
3    8    10    4    0.288865    190.434    8.84385e+07    9.47737e+07    
3    8    10    5    0.300942    201.391    9.41757e+07    9.98999e+07    
3    8    10    6    0.314005    182.204    9.86223e+07    1.03933e+08    
3    9    4    2    0.216385    203.528    5.74313e+07    6.63138e+07    
3    9    4    3    0.22776    208.311    6.61008e+07    7.45893e+07    
3    9    4    4    0.250034    204.358    7.22687e+07    8.0316e+07    
3    9    4    5    0.262111    216.538    7.68002e+07    8.44002e+07    
3    9    4    6    0.275177    196.123    8.04096e+07    8.77129e+07    
3    9    5    2    0.223992    200.233    6.01247e+07    6.97507e+07    
3    9    5    3    0.235367    204.714    6.93599e+07    7.88901e+07    
3    9    5    4    0.257641    200.731    7.59166e+07    8.51312e+07    
3    9    5    5    0.269718    212.604    8.07539e+07    8.96515e+07    
3    9    5    6    0.282784    192.525    8.45388e+07    9.3206e+07    
3    9    6    2    0.23161    197.398    6.25343e+07    7.18818e+07    
3    9    6    3    0.242985    201.635    7.22976e+07    8.19559e+07    
3    9    6    4    0.265259    197.627    7.92029e+07    8.8909e+07    
3    9    6    5    0.277336    209.256    8.42984e+07    9.38792e+07    
3    9    6    6    0.290402    189.422    8.83012e+07    9.77856e+07    
3    9    7    2    0.239239    194.896    6.47105e+07    7.36315e+07    
3    9    7    3    0.250614    198.901    7.49604e+07    8.39739e+07    
3    9    7    4    0.272889    194.853    8.21991e+07    9.11061e+07    
3    9    7    5    0.284966    206.232    8.75403e+07    9.62604e+07    
3    9    7    6    0.298031    186.65    9.17281e+07    1.00344e+08    
3    9    8    2    0.24688    192.586    6.67486e+07    7.52741e+07    
3    9    8    3    0.258255    196.394    7.74415e+07    8.58444e+07    
3    9    8    4    0.280529    192.337    8.49955e+07    9.30959e+07    
3    9    8    5    0.292606    203.48    9.05526e+07    9.83336e+07    
3    9    8    6    0.305672    184.127    9.49171e+07    1.02507e+08    
3    9    9    2    0.254531    190.415    6.86716e+07    7.68052e+07    
3    9    9    3    0.265906    194.047    7.97803e+07    8.76163e+07    
3    9    9    4    0.288181    189.95    8.76346e+07    9.50022e+07    
3    9    9    5    0.300258    200.878    9.34398e+07    1.00341e+08    
3    9    9    6    0.313323    181.757    9.79584e+07    1.04567e+08    
3    9    10    2    0.262194    188.302    7.05513e+07    7.83862e+07    
3    9    10    3    0.273569    191.765    8.20801e+07    8.94101e+07    
3    9    10    4    0.295843    187.628    9.02184e+07    9.69298e+07    
3    9    10    5    0.30792    198.405    9.62294e+07    1.0237e+08    
3    9    10    6    0.320986    179.465    1.0093e+08    1.06677e+08    
4    3    4    2    0.17707    193.493    5.25063e+07    5.16379e+07    
4    3    4    3    0.188489    198.271    5.81364e+07    5.48729e+07    
4    3    4    4    0.21081    193.386    6.02552e+07    5.72207e+07    
4    3    4    5    0.222935    205.661    6.16617e+07    5.89184e+07    
4    3    4    6    0.236037    186.473    6.27515e+07    6.04475e+07    
4    3    5    2    0.184677    189.866    5.53464e+07    5.51624e+07    
4    3    5    3    0.196096    194.324    6.27848e+07    5.86804e+07    
4    3    5    4    0.218417    189.425    6.51991e+07    6.11497e+07    
4    3    5    5    0.230542    201.354    6.68378e+07    6.29845e+07    
4    3    5    6    0.243644    182.511    6.80526e+07    6.46043e+07    
4    3    6    2    0.192295    186.787    5.78749e+07    5.83584e+07    
4    3    6    3    0.203714    190.985    6.61322e+07    6.21307e+07    
4    3    6    4    0.226035    186.089    6.96508e+07    6.47252e+07    
4    3    6    5    0.23816    197.749    7.14635e+07    6.66564e+07    
4    3    6    6    0.251262    179.147    7.28304e+07    6.83707e+07    
4    3    7    2    0.199925    184.111    6.01411e+07    6.12802e+07    
4    3    7    3    0.211344    188.063    6.89162e+07    6.52739e+07    
4    3    7    4    0.233665    183.148    7.37142e+07    6.79971e+07    
4    3    7    5    0.245789    194.532    7.57028e+07    7.00324e+07    
4    3    7    6    0.258892    176.193    7.72045e+07    7.18277e+07    
4    3    8    2    0.207565    181.651    6.22584e+07    6.4025e+07    
4    3    8    3    0.218984    185.409    7.14988e+07    6.82186e+07    
4    3    8    4    0.241305    180.505    7.74882e+07    7.10705e+07    
4    3    8    5    0.25343    191.637    7.96375e+07    7.31799e+07    
4    3    8    6    0.266532    173.527    8.12597e+07    7.50422e+07    
4    3    9    2    0.215217    179.382    6.42513e+07    6.66263e+07    
4    3    9    3    0.226636    182.951    7.3924e+07    7.10125e+07    
4    3    9    4    0.248957    178.025    8.04454e+07    7.3971e+07    
4    3    9    5    0.261081    188.924    8.3372e+07    7.61888e+07    
4    3    9    6    0.274184    171.049    8.50977e+07    7.81014e+07    
4    3    10    2    0.222879    177.2    6.61841e+07    6.91601e+07    
4    3    10    3    0.234299    180.582    7.63026e+07    7.37494e+07    
4    3    10    4    0.256619    175.634    8.31133e+07    7.68041e+07    
4    3    10    5    0.268744    186.369    8.6965e+07    7.91103e+07    
4    3    10    6    0.281847    168.679    8.88141e+07    8.11094e+07    
4    4    4    2    0.1836    192.138    5.31229e+07    5.59574e+07    
4    4    4    3    0.194978    196.896    6.04204e+07    5.94457e+07    
4    4    4    4    0.217256    192.045    6.31216e+07    6.18521e+07    
4    4    4    5    0.229334    204.24    6.46919e+07    6.36156e+07    
4    4    4    6    0.242389    185.189    6.59229e+07    6.51286e+07    
4    4    5    2    0.191207    188.603    5.59438e+07    5.98021e+07    
4    4    5    3    0.202585    193.051    6.38366e+07    6.35753e+07    
4    4    5    4    0.224863    188.19    6.81964e+07    6.61374e+07    
4    4    5    5    0.236941    200.047    7.00077e+07    6.80461e+07    
4    4    5    6    0.249995    181.332    7.13643e+07    6.9652e+07    
4    4    6    2    0.198825    185.595    5.8455e+07    6.32848e+07    
4    4    6    3    0.210203    189.791    6.69e+07    6.73246e+07    
4    4    6    4    0.232481    184.935    7.25912e+07    7.00349e+07    
4    4    6    5    0.244559    196.529    7.47581e+07    7.20476e+07    
4    4    6    6    0.257614    178.047    7.62747e+07    7.37501e+07    
4    4    7    2    0.206454    182.98    6.07116e+07    6.64725e+07    
4    4    7    3    0.217833    186.933    6.96702e+07    7.0756e+07    
4    4    7    4    0.24011    182.059    7.56957e+07    7.36048e+07    
4    4    7    5    0.252188    193.383    7.91223e+07    7.5726e+07    
4    4    7    6    0.265243    175.157    8.0775e+07    7.75126e+07    
4    4    8    2    0.214094    180.571    6.28184e+07    6.94673e+07    
4    4    8    3    0.225473    184.333    7.22392e+07    7.39696e+07    
4    4    8    4    0.247751    179.471    7.85819e+07    7.69578e+07    
4    4    8    5    0.259829    190.547    8.31762e+07    7.91615e+07    
4    4    8    6    0.272883    172.546    8.4952e+07    8.10133e+07    
4    4    9    2    0.221746    178.347    6.48021e+07    7.16662e+07    
4    4    9    3    0.233125    181.922    7.46536e+07    7.70097e+07    
4    4    9    4    0.255402    177.039    8.12991e+07    8.01239e+07    
4    4    9    5    0.26748    187.887    8.61937e+07    8.24321e+07    
4    4    9    6    0.280535    170.116    8.89081e+07    8.43455e+07    
4    4    10    2    0.229409    176.204    6.67282e+07    7.33659e+07    
4    4    10    3    0.240787    179.596    7.70236e+07    8.00055e+07    
4    4    10    4    0.263065    174.692    8.39546e+07    8.32178e+07    
4    4    10    5    0.275143    185.379    8.90593e+07    8.56203e+07    
4    4    10    6    0.288198    167.789    9.27439e+07    8.7622e+07    
4    5    4    2    0.190519    190.384    5.39118e+07    6.025e+07    
4    5    4    3    0.201897    195.14    6.14559e+07    6.40592e+07    
4    5    4    4    0.224174    190.344    6.61553e+07    6.66423e+07    
4    5    4    5    0.236252    202.447    6.78825e+07    6.85123e+07    
4    5    4    6    0.249309    183.559    6.92357e+07    7.00344e+07    
4    5    5    2    0.198126    186.949    5.67048e+07    6.43635e+07    
4    5    5    3    0.209504    191.406    6.48439e+07    6.85174e+07    
4    5    5    4    0.231781    186.603    7.03642e+07    7.12511e+07    
4    5    5    5    0.243859    198.378    7.33179e+07    7.32768e+07    
4    5    5    6    0.256916    179.816    7.47979e+07    7.48877e+07    
4    5    6    2    0.205744    184.021    5.91988e+07    6.72327e+07    
4    5    6    3    0.217122    188.235    6.78857e+07    7.25616e+07    
4    5    6    4    0.239399    183.436    7.37569e+07    7.54426e+07    
4    5    6    5    0.251477    194.955    7.80755e+07    7.75822e+07    
4    5    6    6    0.264534    176.621    7.98233e+07    7.92867e+07    
4    5    7    2    0.213373    181.47    6.14379e+07    6.91389e+07    
4    5    7    3    0.224751    185.449    7.06352e+07    7.62482e+07    
4    5    7    4    0.247028    180.633    7.68401e+07    7.92814e+07    
4    5    7    5    0.259106    191.888    8.14087e+07    8.15374e+07    
4    5    7    6    0.272163    173.805    8.44324e+07    8.33299e+07    
4    5    8    2    0.221014    179.117    6.35305e+07    7.09145e+07    
4    5    8    3    0.232392    182.912    7.31891e+07    7.97055e+07    
4    5    8    4    0.254669    178.107    7.97091e+07    8.28867e+07    
4    5    8    5    0.266747    189.12    8.4501e+07    8.52365e+07    
4    5    8    6    0.279803    171.258    8.82278e+07    8.70903e+07    
4    5    9    2    0.228665    176.939    6.55042e+07    7.25608e+07    
4    5    9    3    0.240043    180.556    7.55906e+07    8.18966e+07    
4    5    9    4    0.26232    175.731    8.24126e+07    8.62913e+07    
4    5    9    5    0.274398    186.521    8.74542e+07    8.87582e+07    
4    5    9    6    0.287455    168.884    9.13422e+07    9.06731e+07    
4    5    10    2    0.236328    174.843    6.74193e+07    7.42402e+07    
4    5    10    3    0.247706    178.28    7.79478e+07    8.38198e+07    
4    5    10    4    0.269983    173.436    8.50542e+07    8.96202e+07    
4    5    10    5    0.282061    184.069    9.03056e+07    9.21938e+07    
4    5    10    6    0.295118    166.607    9.43837e+07    9.41964e+07    
4    6    4    2    0.197454    188.238    5.48184e+07    6.25155e+07    
4    6    4    3    0.208831    193    6.26612e+07    6.87088e+07    
4    6    4    4    0.231107    188.274    6.80302e+07    7.15193e+07    
4    6    4    5    0.243185    200.259    7.11469e+07    7.35573e+07    
4    6    4    6    0.256244    181.546    7.26355e+07    7.51733e+07    
4    6    5    2    0.205061    184.914    5.75889e+07    6.60801e+07    
4    6    5    3    0.216438    189.386    6.60185e+07    7.33991e+07    
4    6    5    4    0.238714    184.655    7.17761e+07    7.64048e+07    
4    6    5    5    0.250792    196.322    7.60165e+07    7.86073e+07    
4    6    5    6    0.263851    177.929    7.83035e+07    8.0317e+07    
4    6    6    2    0.212679    182.072    6.0058e+07    6.83888e+07    
4    6    6    3    0.224056    186.312    6.90357e+07    7.72308e+07    
4    6    6    4    0.246332    181.586    7.51426e+07    8.08466e+07    
4    6    6    5    0.25841    193.005    7.96429e+07    8.31735e+07    
4    6    6    6    0.271469    174.835    8.31675e+07    8.49803e+07    
4    6    7    2    0.220308    179.594    6.22803e+07    7.02596e+07    
4    6    7    3    0.231685    183.607    7.17652e+07    7.94074e+07    
4    6    7    4    0.253961    178.864    7.82027e+07    8.49224e+07    
4    6    7    5    0.266039    190.028    8.29531e+07    8.73673e+07    
4    6    7    6    0.279098    172.103    8.66653e+07    8.92663e+07    
4    6    8    2    0.227948    177.305    6.4358e+07    7.20053e+07    
4    6    8    3    0.239326    181.14    7.43001e+07    8.14133e+07    
4    6    8    4    0.261602    176.409    8.1053e+07    8.77058e+07    
4    6    8    5    0.27368    187.338    8.60268e+07    9.12923e+07    
4    6    8    6    0.286738    169.629    8.99161e+07    9.32562e+07    
4    6    9    2    0.2356    175.181    6.63163e+07    7.36252e+07    
4    6    9    3    0.246977    178.847    7.66866e+07    8.33033e+07    
4    6    9    4    0.269253    174.097    8.3741e+07    8.97493e+07    
4    6    9    5    0.281331    184.81    8.89605e+07    9.43906e+07    
4    6    9    6    0.29439    167.32    9.30134e+07    9.7057e+07    
4    6    10    2    0.243263    173.138    6.8219e+07    7.52824e+07    
4    6    10    3    0.25464    176.629    7.90294e+07    8.51991e+07    
4    6    10    4    0.276916    171.861    8.63667e+07    9.17991e+07    
4    6    10    5    0.288994    182.419    9.17961e+07    9.65559e+07    
4    6    10    6    0.302053    165.104    9.60371e+07    1.00253e+08    
4    7    4    2    0.204403    185.765    5.58201e+07    6.39087e+07    
4    7    4    3    0.21578    190.505    6.4016e+07    7.14377e+07    
4    7    4    4    0.238055    185.866    6.96587e+07    7.63877e+07    
4    7    4    5    0.250133    197.705    7.38136e+07    7.86481e+07    
4    7    4    6    0.263194    179.199    7.61812e+07    8.04338e+07    
4    7    5    2    0.21201    182.556    5.8562e+07    6.74117e+07    
4    7    5    3    0.223387    187.018    6.73411e+07    7.57868e+07    
4    7    5    4    0.245662    182.377    7.33702e+07    8.14015e+07    
4    7    5    5    0.25774    193.912    7.78392e+07    8.39338e+07    
4    7    5    6    0.270801    175.716    8.13323e+07    8.58227e+07    
4    7    6    2    0.219629    179.805    6.1007e+07    6.96423e+07    
4    7    6    3    0.231005    184.048    7.0332e+07    7.89222e+07    
4    7    6    4    0.253281    179.413    7.67074e+07    8.52019e+07    
4    7    6    5    0.265358    190.708    8.14385e+07    8.87143e+07    
4    7    6    6    0.278419    172.731    8.51482e+07    9.07069e+07    
4    7    7    2    0.227258    177.404    6.32081e+07    7.14734e+07    
4    7    7    3    0.238634    181.43    7.30387e+07    8.105e+07    
4    7    7    4    0.26091    176.781    7.97436e+07    8.75252e+07    
4    7    7    5    0.272987    187.831    8.47243e+07    9.22065e+07    
4    7    7    6    0.286048    170.092    8.86193e+07    9.51958e+07    
4    7    8    2    0.234898    175.184    6.52684e+07    7.31866e+07    
4    7    8    3    0.246275    179.041    7.55547e+07    8.30153e+07    
4    7    8    4    0.26855    174.403    8.25738e+07    8.9625e+07    
4    7    8    5    0.280628    185.226    8.77747e+07    9.44079e+07    
4    7    8    6    0.293689    167.698    9.18489e+07    9.81412e+07    
4    7    9    2    0.24255    173.126    6.7214e+07    7.47789e+07    
4    7    9    3    0.253926    176.818    7.79246e+07    8.48698e+07    
4    7    9    4    0.276202    172.161    8.52427e+07    9.16282e+07    
4    7    9    5    0.288279    182.775    9.06922e+07    9.6527e+07    
4    7    9    6    0.30134    165.462    9.49277e+07    1.00326e+08    
4    7    10    2    0.250213    171.138    6.91018e+07    7.64107e+07    
4    7    10    3    0.261589    174.663    8.02514e+07    8.67351e+07    
4    7    10    4    0.283865    169.99    8.7852e+07    9.36443e+07    
4    7    10    5    0.295942    180.455    9.35113e+07    9.86549e+07    
4    7    10    6    0.309003    163.312    9.79314e+07    1.0254e+08    
4    8    4    2    0.211368    183.017    5.69008e+07    6.54097e+07    
4    8    4    3    0.222744    187.716    6.54782e+07    7.34137e+07    
4    8    4    4    0.245019    183.155    7.14364e+07    7.88951e+07    
4    8    4    5    0.257096    194.82    7.586e+07    8.28416e+07    
4    8    4    6    0.270159    176.549    7.93874e+07    8.58229e+07    
4    8    5    2    0.218975    179.929    5.96128e+07    6.88438e+07    
4    8    5    3    0.230351    184.364    6.87691e+07    7.77117e+07    
4    8    5    4    0.252626    179.804    7.51122e+07    8.37043e+07    
4    8    5    5    0.264703    191.177    7.98421e+07    8.8053e+07    
4    8    5    6    0.277766    173.208    8.35574e+07    9.14152e+07    
4    8    6    2    0.226593    177.279    6.2034e+07    7.09905e+07    
4    8    6    3    0.237969    181.502    7.17333e+07    8.07465e+07    
4    8    6    4    0.260244    176.951    7.84205e+07    8.74036e+07    
4    8    6    5    0.272321    188.094    8.34161e+07    9.22471e+07    
4    8    6    6    0.285385    170.341    8.73426e+07    9.59663e+07    
4    8    7    2    0.234223    174.963    6.42174e+07    7.27809e+07    
4    8    7    3    0.245598    178.976    7.44164e+07    8.28232e+07    
4    8    7    4    0.267873    174.413    8.14326e+07    8.96668e+07    
4    8    7    5    0.27995    185.322    8.66767e+07    9.46438e+07    
4    8    7    6    0.293014    167.8    9.07873e+07    9.85326e+07    
4    8    8    2    0.241863    172.817    6.62601e+07    7.44593e+07    
4    8    8    3    0.253239    176.671    7.69117e+07    8.47428e+07    
4    8    8    4    0.275514    172.119    8.42416e+07    9.17155e+07    
4    8    8    5    0.287591    182.81    8.97035e+07    9.67888e+07    
4    8    8    6    0.300654    165.494    9.39955e+07    1.00773e+08    
4    8    9    2    0.249515    170.821    6.81956e+07    7.60223e+07    
4    8    9    3    0.26089    174.521    7.92642e+07    8.65612e+07    
4    8    9    4    0.283165    169.952    8.68913e+07    9.36757e+07    
4    8    9    5    0.295242    180.443    9.26023e+07    9.88543e+07    
4    8    9    6    0.308306    163.336    9.70523e+07    1.02905e+08    
4    8    10    2    0.257177    168.897    7.00711e+07    7.76292e+07    
4    8    10    3    0.268553    172.436    8.15748e+07    8.83944e+07    
4    8    10    4    0.290828    167.853    8.94835e+07    9.56535e+07    
4    8    10    5    0.302905    178.201    9.5404e+07    1.00941e+08    
4    8    10    6    0.315969    161.261    1.00039e+08    1.05076e+08    
4    9    4    2    0.218348    180.064    5.80574e+07    6.70139e+07    
4    9    4    3    0.229723    184.701    6.70393e+07    7.55216e+07    
4    9    4    4    0.251998    180.217    7.33369e+07    8.14001e+07    
4    9    4    5    0.264074    191.663    7.80445e+07    8.56813e+07    
4    9    4    6    0.27714    173.631    8.18309e+07    8.91173e+07    
4    9    5    2    0.225955    177.095    6.07405e+07    7.03737e+07    
4    9    5    3    0.23733    181.482    7.02959e+07    7.97618e+07    
4    9    5    4    0.259604    177.006    7.69769e+07    8.61687e+07    
4    9    5    5    0.271681    188.175    8.19923e+07    9.08497e+07    
4    9    5    6    0.284747    170.436    8.5957e+07    9.45206e+07    
4    9    6    2    0.233573    174.543    6.31359e+07    7.24303e+07    
4    9    6    3    0.244948    178.733    7.3231e+07    8.26829e+07    
4    9    6    4    0.267223    174.267    8.02551e+07    8.97553e+07    
4    9    6    5    0.279299    185.218    8.55304e+07    9.49365e+07    
4    9    6    6    0.292365    167.689    8.97143e+07    9.89896e+07    
4    9    7    2    0.241203    172.313    6.52987e+07    7.41782e+07    
4    9    7    3    0.252577    176.303    7.58899e+07    8.47046e+07    
4    9    7    4    0.274852    171.827    8.3243e+07    9.1955e+07    
4    9    7    5    0.286929    182.556    8.87634e+07    9.72616e+07    
4    9    7    6    0.299994    165.254    9.31326e+07    1.01444e+08    
4    9    8    2    0.248843    170.241    6.73234e+07    7.58216e+07    
4    9    8    3    0.260218    174.081    7.83654e+07    8.65804e+07    
4    9    8    4    0.282492    169.619    8.60305e+07    9.39505e+07    
4    9    8    5    0.294569    180.14    9.17676e+07    9.93466e+07    
4    9    8    6    0.307635    163.038    9.63178e+07    1.0362e+08    
4    9    9    2    0.256495    168.311    6.92362e+07    7.73536e+07    
4    9    9    3    0.267869    172.007    8.07e+07    8.83599e+07    
4    9    9    4    0.290144    167.532    8.86606e+07    9.58652e+07    
4    9    9    5    0.302221    177.862    9.46477e+07    1.01366e+08    
4    9    9    6    0.315286    160.963    9.93538e+07    1.05696e+08    
4    9    10    2    0.264157    166.454    7.1106e+07    7.89351e+07    
4    9    10    3    0.275532    169.994    8.29934e+07    9.01588e+07    
4    9    10    4    0.297807    165.508    9.12362e+07    9.7803e+07    
4    9    10    5    0.309883    175.701    9.74321e+07    1.03408e+08    
4    9    10    6    0.322949    158.965    1.02323e+08    1.07819e+08    
5    3    4    2    0.179024    165.098    5.33183e+07    5.29152e+07    
5    3    4    3    0.190443    169.958    5.94521e+07    5.62451e+07    
5    3    4    4    0.212764    166.38    6.1678e+07    5.87449e+07    
5    3    4    5    0.224888    173.951    6.31494e+07    6.05414e+07    
5    3    4    6    0.237991    160.032    6.42479e+07    6.2138e+07    
5    3    5    2    0.186631    161.885    5.61499e+07    5.64954e+07    
5    3    5    3    0.19805    166.469    6.41064e+07    6.00943e+07    
5    3    5    4    0.220371    162.857    6.67094e+07    6.27248e+07    
5    3    5    5    0.232495    170.196    6.84187e+07    6.46612e+07    
5    3    5    6    0.245598    156.556    6.96406e+07    6.635e+07    
5    3    6    2    0.194249    159.175    5.86711e+07    5.97329e+07    
5    3    6    3    0.205668    163.538    6.71828e+07    6.35808e+07    
5    3    6    4    0.227989    159.912    7.12372e+07    6.63458e+07    
5    3    6    5    0.240113    167.078    7.31251e+07    6.83812e+07    
5    3    6    6    0.253216    153.625    7.44981e+07    7.01658e+07    
5    3    7    2    0.201878    156.833    6.09281e+07    6.26908e+07    
5    3    7    3    0.213297    160.989    6.99607e+07    6.67555e+07    
5    3    7    4    0.235618    157.333    7.53685e+07    6.96581e+07    
5    3    7    5    0.247743    164.317    7.74359e+07    7.17998e+07    
5    3    7    6    0.260845    151.069    7.89418e+07    7.3665e+07    
5    3    8    2    0.209518    154.695    6.30369e+07    6.5468e+07    
5    3    8    3    0.220937    158.686    7.25373e+07    6.97292e+07    
5    3    8    4    0.243258    155.029    7.89876e+07    7.27679e+07    
5    3    8    5    0.255383    161.847    8.14349e+07    7.49845e+07    
5    3    8    6    0.268485    148.774    8.3059e+07    7.69178e+07    
5    3    9    2    0.21717    152.731    6.50201e+07    6.80981e+07    
5    3    9    3    0.228589    156.563    7.49577e+07    7.25499e+07    
5    3    9    4    0.25091    152.881    8.17188e+07    7.57025e+07    
5    3    9    5    0.263035    159.545    8.52279e+07    7.80283e+07    
5    3    9    6    0.276137    146.652    8.69535e+07    8.00121e+07    
5    3    10    2    0.224833    150.851    6.69429e+07    7.06604e+07    
5    3    10    3    0.236252    154.525    7.73322e+07    7.53123e+07    
5    3    10    4    0.258573    150.819    8.4388e+07    7.85694e+07    
5    3    10    5    0.270698    157.385    8.88756e+07    8.09848e+07    
5    3    10    6    0.2838    144.63    9.07231e+07    8.30559e+07    
5    4    4    2    0.185553    163.934    5.39157e+07    5.71785e+07    
5    4    4    3    0.196932    168.768    6.14632e+07    6.07493e+07    
5    4    4    4    0.219209    165.202    6.44534e+07    6.33054e+07    
5    4    4    5    0.231287    172.724    6.60914e+07    6.51599e+07    
5    4    4    6    0.244342    158.92    6.73246e+07    6.67361e+07    
5    4    5    2    0.19316    160.808    5.67288e+07    6.10543e+07    
5    4    5    3    0.204539    165.378    6.48758e+07    6.49401e+07    
5    4    5    4    0.226816    161.782    6.95957e+07    6.7635e+07    
5    4    5    5    0.238894    169.079    7.14799e+07    6.96366e+07    
5    4    5    6    0.251949    155.542    7.28351e+07    7.1304e+07    
5    4    6    2    0.200778    158.167    5.92323e+07    6.45659e+07    
5    4    6    3    0.212157    162.521    6.79316e+07    6.87367e+07    
5    4    6    4    0.234434    158.914    7.38505e+07    7.15713e+07    
5    4    6    5    0.246512    166.042    7.62926e+07    7.36795e+07    
5    4    6    6    0.259567    152.686    7.78049e+07    7.54426e+07    
5    4    7    2    0.208407    155.882    6.14798e+07    6.77826e+07    
5    4    7    3    0.219786    160.031    7.06953e+07    7.21963e+07    
5    4    7    4    0.242063    156.397    7.69509e+07    7.51756e+07    
5    4    7    5    0.254142    163.346    8.07127e+07    7.73944e+07    
5    4    7    6    0.267196    150.189    8.23567e+07    7.92401e+07    
5    4    8    2    0.216048    153.79    6.35776e+07    7.06992e+07    
5    4    8    3    0.227426    157.778    7.32579e+07    7.54407e+07    
5    4    8    4    0.249704    154.144    7.98375e+07    7.85592e+07    
5    4    8    5    0.261782    160.93    8.46188e+07    8.08614e+07    
5    4    8    6    0.274837    147.944    8.65804e+07    8.27722e+07    
5    4    9    2    0.223699    151.867    6.55507e+07    7.23823e+07    
5    4    9    3    0.235078    155.698    7.56667e+07    7.8515e+07    
5    4    9    4    0.257355    152.04    8.25534e+07    8.17539e+07    
5    4    9    5    0.269434    158.676    8.75868e+07    8.41614e+07    
5    4    9    6    0.282488    145.865    9.05791e+07    8.61333e+07    
5    4    10    2    0.231362    150.023    6.74667e+07    7.40826e+07    
5    4    10    3    0.242741    153.698    7.80321e+07    8.15303e+07    
5    4    10    4    0.265018    150.019    8.52094e+07    8.48764e+07    
5    4    10    5    0.277096    156.557    9.04568e+07    8.73789e+07    
5    4    10    6    0.290151    143.881    9.44558e+07    8.94394e+07    
5    5    4    2    0.192472    162.45    5.46867e+07    6.14005e+07    
5    5    4    3    0.20385    167.272    6.24819e+07    6.5263e+07    
5    5    4    4    0.226127    163.733    6.73995e+07    6.80218e+07    
5    5    4    5    0.238205    171.205    6.91913e+07    6.99602e+07    
5    5    4    6    0.251262    157.53    7.05432e+07    7.15597e+07    
5    5    5    2    0.200079    159.42    5.7471e+07    6.5537e+07    
5    5    5    3    0.211457    163.986    6.58639e+07    6.97442e+07    
5    5    5    4    0.233734    160.422    7.16097e+07    7.2661e+07    
5    5    5    5    0.245812    167.675    7.46807e+07    7.47843e+07    
5    5    5    6    0.258869    154.259    7.61555e+07    7.64507e+07    
5    5    6    2    0.207698    156.852    5.99571e+07    6.79341e+07    
5    5    6    3    0.219075    161.212    6.88973e+07    7.38074e+07    
5    5    6    4    0.241352    157.638    7.49978e+07    7.68784e+07    
5    5    6    5    0.25343    164.727    7.94584e+07    7.91235e+07    
5    5    6    6    0.266487    151.485    8.12235e+07    8.08837e+07    
5    5    7    2    0.215327    154.627    6.21869e+07    6.98371e+07    
5    5    7    3    0.226705    158.788    7.16399e+07    7.75123e+07    
5    5    7    4    0.248982    155.188    7.80782e+07    8.07431e+07    
5    5    7    5    0.26106    162.103    8.27889e+07    8.31082e+07    
5    5    7    6    0.274116    149.055    8.58683e+07    8.49545e+07    
5    5    8    2    0.222967    152.587    6.42689e+07    7.16125e+07    
5    5    8    3    0.234345    156.591    7.41863e+07    8.08596e+07    
5    5    8    4    0.256622    152.993    8.09455e+07    8.4372e+07    
5    5    8    5    0.2687    159.747    8.58776e+07    8.68313e+07    
5    5    8    6    0.281757    146.867    8.96504e+07    8.87395e+07    
5    5    9    2    0.230619    150.705    6.62321e+07    7.32594e+07    
5    5    9    3    0.241997    154.561    7.65815e+07    8.2787e+07    
5    5    9    4    0.264274    150.939    8.36454e+07    8.77985e+07    
5    5    9    5    0.276352    157.547    8.8829e+07    9.03729e+07    
5    5    9    6    0.289408    144.838    9.27627e+07    9.23449e+07    
5    5    10    2    0.238282    148.903    6.8137e+07    7.49392e+07    
5    5    10    3    0.249659    152.606    7.89337e+07    8.4715e+07    
5    5    10    4    0.271936    148.965    8.62883e+07    9.11494e+07    
5    5    10    5    0.284014    155.478    9.16847e+07    9.38288e+07    
5    5    10    6    0.297071    142.898    9.58037e+07    9.58914e+07    
5    6    4    2    0.199407    160.65    5.55734e+07    6.33572e+07    
5    6    4    3    0.210784    165.469    6.36672e+07    6.98408e+07    
5    6    4    4    0.23306    161.971    6.92586e+07    7.2826e+07    
5    6    4    5    0.245138    169.377    7.23749e+07    7.48914e+07    
5    6    4    6    0.258197    155.835    7.38587e+07    7.66157e+07    
5    6    5    2    0.207014    157.723    5.83346e+07    6.68464e+07    
5    6    5    3    0.218391    162.295    6.70172e+07    7.45718e+07    
5    6    5    4    0.240667    158.775    7.30028e+07    7.77381e+07    
5    6    5    5    0.252745    165.97    7.73876e+07    8.0008e+07    
5    6    5    6    0.265804    152.68    7.95606e+07    8.17864e+07    
5    6    6    2    0.214632    155.235    6.0795e+07    6.90726e+07    
5    6    6    3    0.226009    159.609    7.00257e+07    7.80916e+07    
5    6    6    4    0.248285    156.081    7.63644e+07    8.2197e+07    
5    6    6    5    0.260363    163.117    8.1012e+07    8.45932e+07    
5    6    6    6    0.273422    149.998    8.459e+07    8.6474e+07    
5    6    7    2    0.222261    153.076    6.30076e+07    7.094e+07    
5    6    7    3    0.233639    157.257    7.27473e+07    8.02692e+07    
5    6    7    4    0.255915    153.706    7.94222e+07    8.62873e+07    
5    6    7    5    0.267992    160.574    8.43151e+07    8.88217e+07    
5    6    7    6    0.281051    147.643    8.80776e+07    9.07787e+07    
5    6    8    2    0.229902    151.092    6.50735e+07    7.26805e+07    
5    6    8    3    0.241279    155.124    7.52734e+07    8.22779e+07    
5    6    8    4    0.263555    151.575    8.22676e+07    8.87353e+07    
5    6    8    5    0.275633    158.287    8.7383e+07    9.27625e+07    
5    6    8    6    0.288692    145.519    9.13211e+07    9.47848e+07    
5    6    9    2    0.237553    149.26    6.70209e+07    7.43053e+07    
5    6    9    3    0.248931    153.148    7.76529e+07    8.4174e+07    
5    6    9    4    0.271207    149.578    8.4951e+07    9.07873e+07    
5    6    9    5    0.283284    156.148    9.0316e+07    9.55727e+07    
5    6    9    6    0.296343    143.546    9.44132e+07    9.86005e+07    
5    6    10    2    0.245216    147.504    6.89133e+07    7.59627e+07    
5    6    10    3    0.256593    151.244    7.99892e+07    8.60741e+07    
5    6    10    4    0.27887    147.655    8.7579e+07    9.28462e+07    
5    6    10    5    0.290947    154.131    9.3152e+07    9.7751e+07    
5    6    10    6    0.304006    141.658    9.74356e+07    1.01538e+08    
5    7    4    2    0.206357    158.588    5.65544e+07    6.47316e+07    
5    7    4    3    0.217733    163.382    6.50006e+07    7.24976e+07    
5    7    4    4    0.240009    159.939    7.08705e+07    7.76175e+07    
5    7    4    5    0.252086    167.264    7.51712e+07    7.99317e+07    
5    7    4    6    0.265147    153.877    7.73229e+07    8.18014e+07    
5    7    5    2    0.213964    155.767    5.92862e+07    6.816e+07    
5    7    5    3    0.22534    160.324    6.8317e+07    7.67845e+07    
5    7    5    4    0.247616    156.864    7.45776e+07    8.25971e+07    
5    7    5    5    0.259693    163.987    7.91943e+07    8.52609e+07    
5    7    5    6    0.272754    150.843    8.27481e+07    8.72068e+07    
5    7    6    2    0.221582    153.363    6.17217e+07    7.03097e+07    
5    7    6    3    0.232958    157.731    7.1298e+07    7.97659e+07    
5    7    6    4    0.255234    154.267    7.79093e+07    8.62e+07    
5    7    6    5    0.267311    161.236    8.27869e+07    9.00546e+07    
5    7    6    6    0.280372    148.258    8.65541e+07    9.21036e+07    
5    7    7    2    0.229211    151.273    6.39117e+07    7.2137e+07    
5    7    7    3    0.240587    155.458    7.3995e+07    8.18941e+07    
5    7    7    4    0.262863    151.972    8.094e+07    8.85301e+07    
5    7    7    5    0.274941    158.779    8.60644e+07    9.33475e+07    
5    7    7    6    0.288002    145.984    9.00144e+07    9.65997e+07    
5    7    8    2    0.236852    149.35    6.59602e+07    7.38487e+07    
5    7    8    3    0.248228    153.392    7.65015e+07    8.38616e+07    
5    7    8    4    0.270504    149.909    8.37643e+07    9.06365e+07    
5    7    8    5    0.282581    156.566    8.91093e+07    9.55606e+07    
5    7    8    6    0.295642    143.93    9.32337e+07    9.93811e+07    
5    7    9    2    0.244503    147.575    6.78947e+07    7.54415e+07    
5    7    9    3    0.25588    151.477    7.88639e+07    8.57216e+07    
5    7    9    4    0.278155    147.974    8.64286e+07    9.26474e+07    
5    7    9    5    0.290233    154.493    9.20245e+07    9.76907e+07    
5    7    9    6    0.303294    142.02    9.63032e+07    1.0158e+08    
5    7    10    2    0.252166    145.866    6.9772e+07    7.7073e+07    
5    7    10    3    0.263542    149.628    8.11836e+07    8.75908e+07    
5    7    10    4    0.285818    146.108    8.90378e+07    9.46718e+07    
5    7    10    5    0.297895    152.538    9.48404e+07    9.98307e+07    
5    7    10    6    0.310956    140.189    9.93072e+07    1.03807e+08    
5    8    4    2    0.213322    156.304    5.76131e+07    6.62134e+07    
5    8    4    3    0.224697    161.06    6.64397e+07    7.44555e+07    
5    8    4    4    0.246972    157.667    7.26305e+07    8.01287e+07    
5    8    4    5    0.259049    164.892    7.7199e+07    8.42443e+07    
5    8    4    6    0.272113    151.679    8.08004e+07    8.71218e+07    
5    8    5    2    0.220929    153.593    6.03136e+07    6.95741e+07    
5    8    5    3    0.232304    158.124    6.97208e+07    7.86907e+07    
5    8    5    4    0.254579    154.717    7.62998e+07    8.48749e+07    
5    8    5    5    0.266656    161.75    8.11761e+07    8.9395e+07    
5    8    5    6    0.27972    148.772    8.49592e+07    9.27204e+07    
5    8    6    2    0.228547    151.279    6.2725e+07    7.16422e+07    
5    8    6    3    0.239922    155.627    7.26731e+07    8.15742e+07    
5    8    6    4    0.262197    152.22    7.95993e+07    8.83872e+07    
5    8    6    5    0.274274    159.105    8.47424e+07    9.33675e+07    
5    8    6    6    0.287338    146.29    8.87318e+07    9.72876e+07    
5    8    7    2    0.236176    149.264    6.48964e+07    7.34282e+07    
5    8    7    3    0.247552    153.434    7.53453e+07    8.36505e+07    
5    8    7    4    0.269827    150.01    8.26037e+07    9.06564e+07    
5    8    7    5    0.281904    156.74    8.7993e+07    9.57703e+07    
5    8    7    6    0.294967    144.102    9.21615e+07    9.97474e+07    
5    8    8    2    0.243816    147.407    6.6927e+07    7.51042e+07    
5    8    8    3    0.255192    151.442    7.78303e+07    8.55717e+07    
5    8    8    4    0.277467    148.02    8.54056e+07    9.27109e+07    
5    8    8    5    0.289544    154.606    9.10149e+07    9.7926e+07    
5    8    8    6    0.302608    142.123    9.53559e+07    1.01998e+08    
5    8    9    2    0.251468    145.686    6.88517e+07    7.66677e+07    
5    8    9    3    0.262844    149.59    8.01746e+07    8.73948e+07    
5    8    9    4    0.285119    146.15    8.8051e+07    9.46779e+07    
5    8    9    5    0.297196    152.605    9.39064e+07    1.00002e+08    
5    8    9    6    0.310259    140.279    9.84041e+07    1.04143e+08    
5    8    10    2    0.259131    144.033    7.07165e+07    7.82739e+07    
5    8    10    3    0.270506    147.8    8.2477e+07    8.92311e+07    
5    8    10    4    0.292781    144.346    9.06405e+07    9.66632e+07    
5    8    10    5    0.304858    150.714    9.67039e+07    1.02099e+08    
5    8    10    6    0.317922    138.51    1.01389e+08    1.06326e+08    
5    9    4    2    0.220302    153.855    5.8746e+07    6.77979e+07    
5    9    4    3    0.231676    158.556    6.7974e+07    7.6545e+07    
5    9    4    4    0.253951    155.213    7.45083e+07    8.26182e+07    
5    9    4    5    0.266028    162.309    7.93622e+07    8.70624e+07    
5    9    4    6    0.279093    149.268    8.32233e+07    9.06408e+07    
5    9    5    2    0.227909    151.252    6.14167e+07    7.10492e+07    
5    9    5    3    0.239283    155.738    7.12198e+07    8.07222e+07    
5    9    5    4    0.261558    152.39    7.81396e+07    8.73146e+07    
5    9    5    5    0.273635    159.303    8.33024e+07    9.21767e+07    
5    9    5    6    0.2867    146.49    8.73363e+07    9.59542e+07    
5    9    6    2    0.235527    149.025    6.38017e+07    7.3066e+07    
5    9    6    3    0.246902    153.342    7.41423e+07    8.34953e+07    
5    9    6    4    0.269176    149.994    8.1408e+07    9.07254e+07    
5    9    6    5    0.281253    156.767    8.68312e+07    9.60438e+07    
5    9    6    6    0.294318    144.113    9.10788e+07    1.00265e+08    
5    9    7    2    0.243156    147.086    6.59517e+07    7.48091e+07    
5    9    7    3    0.254531    151.233    7.67901e+07    8.55158e+07    
5    9    7    4    0.276805    147.87    8.43861e+07    9.293e+07    
5    9    7    5    0.288882    154.497    9.00543e+07    9.8375e+07    
5    9    7    6    0.301948    142.015    9.44805e+07    1.02646e+08    
5    9    8    2    0.250796    145.294    6.79642e+07    7.6449e+07    
5    9    8    3    0.262171    149.312    7.92546e+07    8.73922e+07    
5    9    8    4    0.284446    145.955    8.71657e+07    9.49302e+07    
5    9    8    5    0.296522    152.445    9.30498e+07    1.00469e+08    
5    9    8    6    0.309588    140.113    9.76506e+07    1.04832e+08    
5    9    9    2    0.258448    143.63    6.98652e+07    7.79813e+07    
5    9    9    3    0.269823    147.526    8.15799e+07    8.91757e+07    
5    9    9    4    0.292097    144.154    8.97899e+07    9.68508e+07    
5    9    9    5    0.304174    150.518    9.59207e+07    1.02498e+08    
5    9    9    6    0.31724    138.339    1.00678e+08    1.0692e+08    
5    9    10    2    0.266111    142.034    7.17248e+07    7.95615e+07    
5    9    10    3    0.277486    145.797    8.38641e+07    9.09768e+07    
5    9    10    4    0.29976    142.414    9.23614e+07    9.87952e+07    
5    9    10    5    0.311837    148.695    9.86996e+07    1.0455e+08    
5    9    10    6    0.324902    136.635    1.03641e+08    1.09053e+08    
6    3    4    2    0.180967    150.052    5.42333e+07    5.43602e+07    
6    3    4    3    0.192386    146.131    6.08959e+07    5.78568e+07    
6    3    4    4    0.214707    143.432    6.32307e+07    6.04941e+07    
6    3    4    5    0.226832    151.155    6.47683e+07    6.23721e+07    
6    3    4    6    0.239934    138.441    6.59447e+07    6.4044e+07    
6    3    5    2    0.188574    147.052    5.70589e+07    5.79896e+07    
6    3    5    3    0.199993    143.001    6.52929e+07    6.17636e+07    
6    3    5    4    0.222314    140.274    6.8358e+07    6.4535e+07    
6    3    5    5    0.234439    147.772    7.01418e+07    6.65552e+07    
6    3    5    6    0.247541    135.316    7.14484e+07    6.83323e+07    
6    3    6    2    0.196192    144.527    5.95724e+07    6.12922e+07    
6    3    6    3    0.207611    140.389    6.83668e+07    6.53018e+07    
6    3    6    4    0.229932    137.652    7.29701e+07    6.82117e+07    
6    3    6    5    0.242057    144.982    7.494e+07    7.03331e+07    
6    3    6    6    0.255159    132.707    7.64048e+07    7.22206e+07    
6    3    7    2    0.203822    142.35    6.18257e+07    6.42909e+07    
6    3    7    3    0.215241    138.132    7.11436e+07    6.85233e+07    
6    3    7    4    0.237562    135.371    7.71774e+07    7.15743e+07    
6    3    7    5    0.249686    142.53    7.93333e+07    7.38044e+07    
6    3    7    6    0.262789    130.44    8.09368e+07    7.57728e+07    
6    3    8    2    0.211462    140.368    6.3928e+07    6.71072e+07    
6    3    8    3    0.222881    136.106    7.37196e+07    7.15409e+07    
6    3    8    4    0.245202    133.345    8.03788e+07    7.47306e+07    
6    3    8    5    0.257327    140.349    8.34077e+07    7.70366e+07    
6    3    8    6    0.270429    128.421    8.51344e+07    7.90772e+07    
6    3    9    2    0.219114    138.552    6.59078e+07    6.97773e+07    
6    3    9    3    0.230533    134.248    7.61411e+07    7.44036e+07    
6    3    9    4    0.252854    131.468    8.31129e+07    7.77097e+07    
6    3    9    5    0.264978    138.329    8.72704e+07    8.01258e+07    
6    3    9    6    0.278081    126.566    8.9104e+07    8.22206e+07    
6    3    10    2    0.226776    136.818    6.78282e+07    7.23789e+07    
6    3    10    3    0.238195    132.472    7.85181e+07    7.72071e+07    
6    3    10    4    0.260516    129.677    8.57907e+07    8.06207e+07    
6    3    10    5    0.272641    136.44    9.09845e+07    8.31278e+07    
6    3    10    6    0.285743    124.803    9.29457e+07    8.53122e+07    
6    4    4    2    0.187497    149.028    5.48118e+07    5.85683e+07    
6    4    4    3    0.198875    145.077    6.26313e+07    6.23035e+07    
6    4    4    4    0.221153    142.381    6.59457e+07    6.49959e+07    
6    4    4    5    0.233231    150.051    6.76514e+07    6.69286e+07    
6    4    4    6    0.246285    137.428    6.89671e+07    6.85813e+07    
6    4    5    2    0.195104    146.105    5.76186e+07    6.25021e+07    
6    4    5    3    0.206482    142.042    6.60438e+07    6.65456e+07    
6    4    5    4    0.22876    139.321    7.11668e+07    6.93809e+07    
6    4    5    5    0.240838    146.773    7.31267e+07    7.14632e+07    
6    4    5    6    0.253892    134.4    7.45705e+07    7.32229e+07    
6    4    6    2    0.202722    143.641    6.01154e+07    6.60603e+07    
6    4    6    3    0.2141    139.501    6.90979e+07    7.03886e+07    
6    4    6    4    0.236378    136.774    7.52253e+07    7.33677e+07    
6    4    6    5    0.248456    144.063    7.80148e+07    7.55585e+07    
6    4    6    6    0.26151    131.865    7.96227e+07    7.74246e+07    
6    4    7    2    0.210351    141.513    6.23583e+07    6.93164e+07    
6    4    7    3    0.22173    137.3    7.18599e+07    7.38902e+07    
6    4    7    4    0.244007    134.552    7.8325e+07    7.70176e+07    
6    4    7    5    0.256085    141.672    8.2503e+07    7.9321e+07    
6    4    7    6    0.26914    129.655    8.42479e+07    8.12707e+07    
6    4    8    2    0.217991    139.572    6.44495e+07    7.15484e+07    
6    4    8    3    0.22937    135.321    7.44215e+07    7.7174e+07    
6    4    8    4    0.251647    132.573    8.12115e+07    8.04435e+07    
6    4    8    5    0.263726    139.543    8.61503e+07    8.28305e+07    
6    4    8    6    0.27678    127.682    8.85383e+07    8.48477e+07    
6    4    9    2    0.225643    137.793    6.64198e+07    7.32389e+07    
6    4    9    3    0.237022    133.504    7.68303e+07    8.02865e+07    
6    4    9    4    0.259299    130.738    8.39319e+07    8.36784e+07    
6    4    9    5    0.271377    137.567    8.91257e+07    8.61714e+07    
6    4    9    6    0.284432    125.868    9.25996e+07    8.82513e+07    
6    4    10    2    0.233306    136.089    6.83333e+07    7.49339e+07    
6    4    10    3    0.244684    131.763    7.91979e+07    8.33323e+07    
6    4    10    4    0.266962    128.984    8.65935e+07    8.6841e+07    
6    4    10    5    0.27904    135.717    9.20046e+07    8.94304e+07    
6    4    10    6    0.292094    124.141    9.61793e+07    9.16007e+07    
6    5    4    2    0.194416    147.725    5.55638e+07    6.27493e+07    
6    5    4    3    0.205794    143.771    6.36317e+07    6.67554e+07    
6    5    4    4    0.228071    141.091    6.88349e+07    6.96467e+07    
6    5    4    5    0.240149    148.705    7.06964e+07    7.16411e+07    
6    5    4    6    0.253205    136.194    7.21315e+07    7.3343e+07    
6    5    5    2    0.202023    144.886    5.83412e+07    6.65605e+07    
6    5    5    3    0.213401    140.836    6.70138e+07    7.12806e+07    
6    5    5    4    0.235678    138.137    7.29686e+07    7.43337e+07    
6    5    5    5    0.247756    145.539    7.62569e+07    7.65319e+07    
6    5    5    6    0.260812    133.27    7.78208e+07    7.83035e+07    
6    5    6    2    0.209641    142.486    6.08212e+07    6.87797e+07    
6    5    6    3    0.221019    138.374    7.00448e+07    7.53832e+07    
6    5    6    4    0.243296    135.668    7.63552e+07    7.85945e+07    
6    5    6    5    0.255374    142.913    8.09732e+07    8.09084e+07    
6    5    6    6    0.26843    130.814    8.29571e+07    8.27908e+07    
6    5    7    2    0.21727    140.412    6.30454e+07    7.06777e+07    
6    5    7    3    0.228648    136.235    7.27852e+07    7.91236e+07    
6    5    7    4    0.250925    133.51    7.94334e+07    8.24983e+07    
6    5    7    5    0.263003    140.591    8.43027e+07    8.49427e+07    
6    5    7    6    0.27606    128.668    8.76623e+07    8.69044e+07    
6    5    8    2    0.224911    138.515    6.5122e+07    7.245e+07    
6    5    8    3    0.236289    134.309    7.53295e+07    8.19472e+07    
6    5    8    4    0.258566    131.585    8.23012e+07    8.61633e+07    
6    5    8    5    0.270643    138.518    8.73942e+07    8.8699e+07    
6    5    8    6    0.2837    126.748    9.1329e+07    9.07289e+07    
6    5    9    2    0.232562    136.772    6.70822e+07    7.40974e+07    
6    5    9    3    0.24394    132.536    7.77242e+07    8.38801e+07    
6    5    9    4    0.266217    129.796    8.50044e+07    8.96241e+07    
6    5    9    5    0.278295    136.592    9.03509e+07    9.22813e+07    
6    5    9    6    0.291352    124.979    9.44456e+07    9.43695e+07    
6    5    10    2    0.240225    135.105    6.89836e+07    7.57775e+07    
6    5    10    3    0.251603    130.837    8.00779e+07    8.58135e+07    
6    5    10    4    0.27388    128.084    8.76513e+07    9.25083e+07    
6    5    10    5    0.285958    134.787    9.32126e+07    9.57729e+07    
6    5    10    6    0.299015    123.294    9.74997e+07    9.79514e+07    
6    6    4    2    0.201351    146.141    5.64294e+07    6.43185e+07    
6    6    4    3    0.212728    142.217    6.47982e+07    7.12753e+07    
6    6    4    4    0.235004    139.566    7.06008e+07    7.43903e+07    
6    6    4    5    0.247082    147.109    7.3825e+07    7.65105e+07    
6    6    4    6    0.260141    134.726    7.53928e+07    7.83347e+07    
6    6    5    2    0.208958    143.395    5.91834e+07    6.77402e+07    
6    6    5    3    0.220335    139.389    6.81472e+07    7.6042e+07    
6    6    5    4    0.242611    136.72    7.43448e+07    7.93431e+07    
6    6    5    5    0.254689    144.06    7.88859e+07    8.16672e+07    
6    6    5    6    0.267748    131.911    8.11581e+07    8.35681e+07    
6    6    6    2    0.216576    141.064    6.16381e+07    6.98994e+07    
6    6    6    3    0.227953    137.009    7.11524e+07    7.91569e+07    
6    6    6    4    0.250229    134.337    7.77023e+07    8.38377e+07    
6    6    6    5    0.262307    141.524    8.25097e+07    8.62876e+07    
6    6    6    6    0.275366    129.54    8.62519e+07    8.83031e+07    
6    6    7    2    0.224205    139.047    6.38444e+07    7.17616e+07    
6    6    7    3    0.235582    134.938    7.38706e+07    8.13343e+07    
6    6    7    4    0.257858    132.248    8.07578e+07    8.78108e+07    
6    6    7    5    0.269936    139.277    8.58141e+07    9.05429e+07    
6    6    7    6    0.282995    127.464    8.97381e+07    9.26434e+07    
6    6    8    2    0.231845    137.2    6.59055e+07    7.34923e+07    
6    6    8    3    0.243222    133.069    7.63941e+07    8.3345e+07    
6    6    8    4    0.265499    130.381    8.36035e+07    8.99719e+07    
6    6    8    5    0.277576    137.267    8.88814e+07    9.45074e+07    
6    6    8    6    0.290635    125.603    9.29832e+07    9.66823e+07    
6    6    9    2    0.239497    135.499    6.78496e+07    7.51239e+07    
6    6    9    3    0.250874    131.346    7.87725e+07    8.52462e+07    
6    6    9    4    0.27315    128.643    8.62871e+07    9.20312e+07    
6    6    9    5    0.285228    135.397    9.18165e+07    9.69494e+07    
6    6    9    6    0.298287    123.885    9.60803e+07    1.00529e+08    
6    6    10    2    0.24716    133.873    6.9737e+07    7.67813e+07    
6    6    10    3    0.258537    129.692    8.11086e+07    8.71513e+07    
6    6    10    4    0.280813    126.978    8.89183e+07    9.40987e+07    
6    6    10    5    0.292891    133.64    9.46601e+07    9.91417e+07    
6    6    10    6    0.30595    122.245    9.91163e+07    1.03077e+08    
6    7    4    2    0.2083    144.324    5.73885e+07    6.56738e+07    
6    7    4    3    0.219677    140.436    6.6112e+07    7.37291e+07    
6    7    4    4    0.241952    137.825    7.21949e+07    7.9135e+07    
6    7    4    5    0.25403    145.283    7.66559e+07    8.14957e+07    
6    7    4    6    0.267091    133.043    7.88025e+07    8.3469e+07    
6    7    5    2    0.215907    141.671    6.01127e+07    6.90085e+07    
6    7    5    3    0.227284    137.716    6.94262e+07    7.79624e+07    
6    7    5    4    0.249559    135.093    7.59e+07    8.39641e+07    
6    7    5    5    0.261637    142.358    8.06785e+07    8.68686e+07    
6    7    5    6    0.274698    130.344    8.43957e+07    8.89266e+07    
6    7    6    2    0.223525    139.414    6.25431e+07    7.11184e+07    
6    7    6    3    0.234902    135.423    7.24021e+07    8.08124e+07    
6    7    6    4    0.257177    132.799    7.92277e+07    8.7408e+07    
6    7    6    5    0.269255    139.916    8.42706e+07    9.16818e+07    
6    7    6    6    0.282316    128.063    8.82009e+07    9.38556e+07    
6    7    7    2    0.231155    137.458    6.47267e+07    7.29403e+07    
6    7    7    3    0.242531    133.423    7.50953e+07    8.29399e+07    
6    7    7    4    0.264807    130.783    8.2255e+07    8.97406e+07    
6    7    7    5    0.276884    137.749    8.75454e+07    9.46922e+07    
6    7    7    6    0.289945    126.06    9.16589e+07    9.83793e+07    
6    7    8    2    0.238795    135.664    6.677e+07    7.46484e+07    
6    7    8    3    0.250171    131.616    7.75985e+07    8.49089e+07    
6    7    8    4    0.272447    128.978    8.50768e+07    9.18528e+07    
6    7    8    5    0.284524    135.806    9.05882e+07    9.69088e+07    
6    7    8    6    0.297586    124.262    9.4879e+07    1.00875e+08    
6    7    9    2    0.246447    134.013    6.87005e+07    7.62412e+07    
6    7    9    3    0.257823    129.947    7.99586e+07    8.67736e+07    
6    7    9    4    0.280099    127.296    8.77401e+07    9.38703e+07    
6    7    9    5    0.292176    133.995    9.35042e+07    9.90479e+07    
6    7    9    6    0.305237    122.6    9.79548e+07    1.03087e+08    
6    7    10    2    0.254109    132.428    7.0572e+07    7.78725e+07    
6    7    10    3    0.265486    128.342    8.22773e+07    8.86471e+07    
6    7    10    4    0.287761    125.681    9.03536e+07    9.59028e+07    
6    7    10    5    0.299839    132.292    9.63283e+07    1.01201e+08    
6    7    10    6    0.3129    121.012    1.00967e+08    1.05327e+08    
6    8    4    2    0.215265    142.303    5.84242e+07    6.71358e+07    
6    8    4    3    0.226641    138.467    6.75284e+07    7.5664e+07    
6    8    4    4    0.248916    135.894    7.39342e+07    8.15347e+07    
6    8    4    5    0.260993    143.251    7.86677e+07    8.57955e+07    
6    8    4    6    0.274056    131.169    8.24091e+07    8.87374e+07    
6    8    5    2    0.222872    139.747    6.11178e+07    7.03734e+07    
6    8    5    3    0.234248    135.86    7.08052e+07    7.98425e+07    
6    8    5    4    0.256523    133.278    7.76012e+07    8.62244e+07    
6    8    5    5    0.2686    140.452    8.26438e+07    9.09079e+07    
6    8    5    6    0.281663    128.587    8.6592e+07    9.43799e+07    
6    8    6    2    0.23049    137.569    6.35234e+07    7.24333e+07    
6    8    6    3    0.241866    133.655    7.37516e+07    8.26026e+07    
6    8    6    4    0.264141    131.075    8.08956e+07    8.9578e+07    
6    8    6    5    0.276218    138.108    8.62066e+07    9.46906e+07    
6    8    6    6    0.289281    126.4    9.0362e+07    9.87486e+07    
6    8    7    2    0.238119    135.679    6.56884e+07    7.42136e+07    
6    8    7    3    0.249495    131.728    7.64207e+07    8.46776e+07    
6    8    7    4    0.27177    129.135    8.38946e+07    9.1849e+07    
6    8    7    5    0.283847    136.024    8.94532e+07    9.70981e+07    
6    8    7    6    0.296911    124.475    9.37905e+07    1.01216e+08    
6    8    8    2    0.24576    133.943    6.77136e+07    7.58856e+07    
6    8    8    3    0.257136    129.986    7.89017e+07    8.65997e+07    
6    8    8    4    0.279411    127.396    8.66938e+07    9.39084e+07    
6    8    8    5    0.291488    134.152    9.24712e+07    9.9257e+07    
6    8    8    6    0.304551    122.744    9.69833e+07    1.03475e+08    
6    8    9    2    0.253412    132.339    6.96334e+07    7.74487e+07    
6    8    9    3    0.264787    128.374    8.12416e+07    8.84266e+07    
6    8    9    4    0.287062    125.771    8.93372e+07    9.58813e+07    
6    8    9    5    0.299139    132.404    9.53661e+07    1.0134e+08    
6    8    9    6    0.312203    121.14    1.00033e+08    1.05633e+08    
6    8    10    2    0.261074    130.802    7.14923e+07    7.90542e+07    
6    8    10    3    0.27245    126.821    8.3543e+07    9.02669e+07    
6    8    10    4    0.294725    124.21    9.19286e+07    9.78739e+07    
6    8    10    5    0.306802    130.758    9.81673e+07    1.0345e+08    
6    8    10    6    0.319865    119.606    1.03025e+08    1.07827e+08    
6    9    4    2    0.222245    140.124    5.95337e+07    6.86928e+07    
6    9    4    3    0.23362    136.352    6.90394e+07    7.77262e+07    
6    9    4    4    0.255894    133.817    7.57901e+07    8.4008e+07    
6    9    4    5    0.267971    141.05    8.08125e+07    8.86003e+07    
6    9    4    6    0.281037    129.129    8.48454e+07    9.23389e+07    
6    9    5    2    0.229852    137.664    6.21973e+07    7.18311e+07    
6    9    5    3    0.241227    133.855    7.22792e+07    8.18465e+07    
6    9    5    4    0.263501    131.317    7.94173e+07    8.86462e+07    
6    9    5    5    0.275578    138.376    8.47497e+07    9.36662e+07    
6    9    5    6    0.288644    126.666    8.89552e+07    9.76153e+07    
6    9    6    2    0.23747    135.564    6.45754e+07    7.38392e+07    
6    9    6    3    0.248845    131.741    7.51952e+07    8.45061e+07    
6    9    6    4    0.271119    129.207    8.26792e+07    9.18994e+07    
6    9    6    5    0.283196    136.132    8.82735e+07    9.73519e+07    
6    9    6    6    0.296262    124.573    9.26937e+07    1.01713e+08    
6    9    7    2    0.245099    133.741    6.67194e+07    7.55761e+07    
6    9    7    3    0.256474    129.889    7.78386e+07    8.65246e+07    
6    9    7    4    0.278749    127.344    8.56516e+07    9.41049e+07    
6    9    7    5    0.290826    134.133    9.14911e+07    9.96867e+07    
6    9    7    6    0.303891    122.728    9.609e+07    1.041e+08    
6    9    8    2    0.25274    132.063    6.8726e+07    7.72116e+07    
6    9    8    3    0.264115    128.211    8.02983e+07    8.84011e+07    
6    9    8    4    0.286389    125.672    8.84267e+07    9.61092e+07    
6    9    8    5    0.298466    132.334    9.44838e+07    1.01784e+08    
6    9    8    6    0.311532    121.065    9.9256e+07    1.06293e+08    
6    9    9    2    0.260391    130.508    7.06206e+07    7.87431e+07    
6    9    9    3    0.271766    126.657    8.26178e+07    9.01874e+07    
6    9    9    4    0.294041    124.108    9.10484e+07    9.80348e+07    
6    9    9    5    0.306118    130.652    9.73542e+07    1.03819e+08    
6    9    9    6    0.319183    119.523    1.02282e+08    1.08393e+08    
6    9    10    2    0.268054    129.022    7.24746e+07    8.03222e+07    
6    9    10    3    0.279429    125.158    8.4901e+07    9.19921e+07    
6    9    10    4    0.301703    122.602    9.36203e+07    9.99855e+07    
6    9    10    5    0.31378    129.065    1.00135e+08    1.05882e+08    
6    9    10    6    0.326846    118.045    1.05252e+08    1.10537e+08    
7    3    4    2    0.182901    141.231    5.51635e+07    5.58702e+07    
7    3    4    3    0.19432    127.416    6.23888e+07    5.9561e+07    
7    3    4    4    0.216641    125.943    6.48325e+07    6.2347e+07    
7    3    4    5    0.228766    132.679    6.64531e+07    6.43276e+07    
7    3    4    6    0.241868    122.508    6.76936e+07    6.60649e+07    
7    3    5    2    0.190508    138.26    5.79836e+07    5.95521e+07    
7    3    5    3    0.201927    124.549    6.65285e+07    6.35262e+07    
7    3    5    4    0.224248    123.04    7.0055e+07    6.64503e+07    
7    3    5    5    0.236373    129.568    7.19307e+07    6.85747e+07    
7    3    5    6    0.249475    119.615    7.33075e+07    7.04178e+07    
7    3    6    2    0.198126    135.777    6.04923e+07    6.29088e+07    
7    3    6    3    0.209545    122.171    6.96015e+07    6.71174e+07    
7    3    6    4    0.231866    120.646    7.47515e+07    7.01845e+07    
7    3    6    5    0.243991    127.021    7.6821e+07    7.2412e+07    
7    3    6    6    0.257093    117.218    7.83624e+07    7.43659e+07    
7    3    7    2    0.205755    133.648    6.27392e+07    6.59518e+07    
7    3    7    3    0.217174    120.13    7.23783e+07    7.03873e+07    
7    3    7    4    0.239495    118.576    7.89168e+07    7.35998e+07    
7    3    7    5    0.25162    124.799    8.12976e+07    7.59379e+07    
7    3    7    6    0.264722    115.149    8.29829e+07    7.79716e+07    
7    3    8    2    0.213396    131.722    6.48378e+07    6.8811e+07    
7    3    8    3    0.224815    118.309    7.49543e+07    7.34508e+07    
7    3    8    4    0.247136    116.747    8.18199e+07    7.68056e+07    
7    3    8    5    0.25926    122.835    8.54484e+07    7.92199e+07    
7    3    8    6    0.272363    113.317    8.72616e+07    8.13261e+07    
7    3    9    2    0.221047    129.967    6.68158e+07    7.15169e+07    
7    3    9    3    0.232466    116.649    7.73779e+07    7.63574e+07    
7    3    9    4    0.254787    115.065    8.45572e+07    7.98321e+07    
7    3    9    5    0.266912    121.026    8.93826e+07    8.23575e+07    
7    3    9    6    0.280014    111.645    9.13074e+07    8.45428e+07    
7    3    10    2    0.22871    128.298    6.87321e+07    7.41647e+07    
7    3    10    3    0.240129    115.068    7.97597e+07    7.92038e+07    
7    3    10    4    0.26245    113.466    8.72428e+07    8.27904e+07    
7    3    10    5    0.274575    119.341    9.27159e+07    8.54082e+07    
7    3    10    6    0.287677    110.063    9.52225e+07    8.7685e+07    
7    4    4    2    0.18943    140.231    5.57265e+07    6.0037e+07    
7    4    4    3    0.200809    126.457    6.38514e+07    6.3965e+07    
7    4    4    4    0.223086    124.977    6.75216e+07    6.68051e+07    
7    4    4    5    0.235165    131.659    6.93118e+07    6.8819e+07    
7    4    4    6    0.248219    121.565    7.0694e+07    7.0552e+07    
7    4    5    2    0.197037    137.342    5.85277e+07    6.40186e+07    
7    4    5    3    0.208416    123.683    6.72637e+07    6.82613e+07    
7    4    5    4    0.230693    122.171    7.28244e+07    7.12485e+07    
7    4    5    5    0.242772    128.653    7.48769e+07    7.34307e+07    
7    4    5    6    0.255826    118.769    7.63923e+07    7.52539e+07    
7    4    6    2    0.204655    134.924    6.10191e+07    6.76337e+07    
7    4    6    3    0.216034    121.375    7.03165e+07    7.21508e+07    
7    4    6    4    0.238311    119.849    7.66487e+07    7.52889e+07    
7    4    6    5    0.25039    126.184    7.98438e+07    7.75814e+07    
7    4    6    6    0.263444    116.444    8.15293e+07    7.95164e+07    
7    4    7    2    0.212285    132.847    6.32551e+07    7.06938e+07    
7    4    7    3    0.223663    119.388    7.30782e+07    7.56921e+07    
7    4    7    4    0.245941    117.836    7.97478e+07    7.8988e+07    
7    4    7    5    0.258019    124.022    8.44036e+07    8.13948e+07    
7    4    7    6    0.271073    114.431    8.62307e+07    8.34135e+07    
7    4    8    2    0.219925    130.963    6.53428e+07    7.24692e+07    
7    4    8    3    0.231304    117.612    7.56384e+07    7.90141e+07    
7    4    8    4    0.253581    116.053    8.26358e+07    8.24602e+07    
7    4    8    5    0.265659    122.107    8.77452e+07    8.49508e+07    
7    4    8    6    0.278714    112.645    9.05909e+07    8.70417e+07    
7    4    9    2    0.227577    129.246    6.73103e+07    7.41579e+07    
7    4    9    3    0.238955    115.989    7.80497e+07    8.21662e+07    
7    4    9    4    0.261233    114.41    8.53593e+07    8.57393e+07    
7    4    9    5    0.273311    120.341    9.07241e+07    8.83367e+07    
7    4    9    6    0.286365    111.012    9.47178e+07    9.05015e+07    
7    4    10    2    0.235239    127.608    6.92194e+07    7.58502e+07    
7    4    10    3    0.246618    114.443    8.04219e+07    8.52516e+07    
7    4    10    4    0.268896    112.847    8.80279e+07    8.89464e+07    
7    4    10    5    0.280974    118.693    9.36136e+07    9.16412e+07    
7    4    10    6    0.294028    109.464    9.79319e+07    9.38982e+07    
7    5    4    2    0.19635    138.975    5.64631e+07    6.41184e+07    
7    5    4    3    0.207728    125.284    6.48366e+07    6.83722e+07    
7    5    4    4    0.230005    123.808    7.03799e+07    7.13952e+07    
7    5    4    5    0.242082    130.434    7.23274e+07    7.34842e+07    
7    5    4    6    0.255139    120.432    7.38306e+07    7.52667e+07    
7    5    5    2    0.203957    136.178    5.92344e+07    6.75071e+07    
7    5    5    3    0.215335    122.608    6.82181e+07    7.29454e+07    
7    5    5    4    0.237611    121.104    7.43772e+07    7.61475e+07    
7    5    5    5    0.249689    127.538    7.79645e+07    7.84237e+07    
7    5    5    6    0.262746    117.739    7.96015e+07    8.02821e+07    
7    5    6    2    0.211575    133.827    6.17074e+07    6.96993e+07    
7    5    6    3    0.222953    120.375    7.12469e+07    7.70915e+07    
7    5    6    4    0.24523    118.859    7.77625e+07    8.04563e+07    
7    5    6    5    0.257308    125.151    8.25518e+07    8.28478e+07    
7    5    6    6    0.270364    115.492    8.48107e+07    8.48238e+07    
7    5    7    2    0.219204    131.805    6.39253e+07    7.15897e+07    
7    5    7    3    0.230582    118.448    7.3985e+07    8.08715e+07    
7    5    7    4    0.252859    116.907    8.08393e+07    8.44041e+07    
7    5    7    5    0.264937    123.055    8.58805e+07    8.69262e+07    
7    5    7    6    0.277994    113.541    8.95812e+07    8.89787e+07    
7    5    8    2    0.226845    129.969    6.59983e+07    7.33564e+07    
7    5    8    3    0.238222    116.723    7.65285e+07    8.31128e+07    
7    5    8    4    0.260499    115.176    8.37079e+07    8.81104e+07    
7    5    8    5    0.272577    121.195    8.8973e+07    9.07227e+07    
7    5    8    6    0.285634    111.807    9.30495e+07    9.28486e+07    
7    5    9    2    0.234496    128.288    6.79541e+07    7.50018e+07    
7    5    9    3    0.245874    115.143    7.89253e+07    8.50465e+07    
7    5    9    4    0.268151    113.577    8.64134e+07    9.16109e+07    
7    5    9    5    0.280229    119.476    9.1935e+07    9.4348e+07    
7    5    9    6    0.293286    110.217    9.61712e+07    9.6539e+07    
7    5    10    2    0.242159    126.689    6.98521e+07    7.66805e+07    
7    5    10    3    0.253537    113.635    8.12809e+07    8.69822e+07    
7    5    10    4    0.275814    112.053    8.90661e+07    9.38909e+07    
7    5    10    5    0.287892    117.871    9.48048e+07    9.78846e+07    
7    5    10    6    0.300948    108.708    9.92353e+07    1.00163e+08    
7    6    4    2    0.203284    137.466    5.73103e+07    6.5336e+07    
7    6    4    3    0.214661    123.906    6.59869e+07    7.28509e+07    
7    6    4    4    0.236938    122.443    7.19954e+07    7.60935e+07    
7    6    4    5    0.249015    129.001    7.54219e+07    7.83146e+07    
7    6    4    6    0.262074    119.102    7.70592e+07    8.02141e+07    
7    6    5    2    0.210891    134.766    6.00575e+07    6.86527e+07    
7    6    5    3    0.222268    121.332    6.93342e+07    7.74782e+07    
7    6    5    4    0.244545    119.845    7.57374e+07    8.11093e+07    
7    6    5    5    0.256622    126.219    8.04505e+07    8.35151e+07    
7    6    5    6    0.269681    116.517    8.28947e+07    8.54952e+07    
7    6    6    2    0.218509    132.486    6.25045e+07    7.08009e+07    
7    6    6    3    0.229887    119.179    7.23349e+07    8.03094e+07    
7    6    6    4    0.252163    117.682    7.90928e+07    8.56322e+07    
7    6    6    5    0.26424    123.919    8.40735e+07    8.81713e+07    
7    6    6    6    0.277299    114.352    8.79582e+07    9.02811e+07    
7    6    7    2    0.226139    130.525    6.47056e+07    7.26555e+07    
7    6    7    3    0.237516    117.317    7.505e+07    8.24818e+07    
7    6    7    4    0.259792    115.796    8.21465e+07    8.91614e+07    
7    6    7    5    0.27187    121.896    8.73765e+07    9.24649e+07    
7    6    7    6    0.284929    112.469    9.14437e+07    9.46619e+07    
7    6    8    2    0.233779    128.739    6.67621e+07    7.43774e+07    
7    6    8    3    0.245156    115.645    7.75734e+07    8.44903e+07    
7    6    8    4    0.267432    114.12    8.49908e+07    9.13241e+07    
7    6    8    5    0.27951    120.095    9.04453e+07    9.62717e+07    
7    6    8    6    0.292569    110.79    9.46891e+07    9.87435e+07    
7    6    9    2    0.241431    127.102    6.87009e+07    7.60098e+07    
7    6    9    3    0.252808    114.112    7.99526e+07    8.63918e+07    
7    6    9    4    0.275084    112.569    8.76762e+07    9.3387e+07    
7    6    9    5    0.287162    118.428    9.33834e+07    9.84543e+07    
7    6    9    6    0.300221    109.249    9.77892e+07    1.02422e+08    
7    6    10    2    0.249093    125.544    7.05858e+07    7.76635e+07    
7    6    10    3    0.260471    112.646    8.22906e+07    8.82991e+07    
7    6    10    4    0.282747    111.089    9.03125e+07    9.54604e+07    
7    6    10    5    0.294824    116.868    9.62334e+07    1.00656e+08    
7    6    10    6    0.307883    107.784    1.00834e+08    1.04715e+08    
7    7    4    2    0.210234    135.748    5.82488e+07    6.66675e+07    
7    7    4    3    0.22161    122.341    6.72792e+07    7.50068e+07    
7    7    4    4    0.243886    120.902    7.35735e+07    8.07421e+07    
7    7    4    5    0.255963    127.381    7.82067e+07    8.32602e+07    
7    7    4    6    0.269025    117.595    8.04331e+07    8.5312e+07    
7    7    5    2    0.217841    133.145    6.09658e+07    6.99034e+07    
7    7    5    3    0.229217    119.873    7.05912e+07    7.91963e+07    
7    7    5    4    0.251493    118.413    7.72759e+07    8.54349e+07    
7    7    5    5    0.26357    124.718    8.22281e+07    8.8667e+07    
7    7    5    6    0.276632    115.122    8.60904e+07    9.08113e+07    
7    7    6    2    0.225459    130.943    6.33885e+07    7.20023e+07    
7    7    6    3    0.236836    117.802    7.35628e+07    8.19459e+07    
7    7    6    4    0.259111    116.334    8.0599e+07    8.87416e+07    
7    7    6    5    0.271189    122.508    8.58187e+07    9.35149e+07    
7    7    6    6    0.28425    113.045    8.98946e+07    9.57917e+07    
7    7    7    2    0.233088    129.043    6.55681e+07    7.38163e+07    
7    7    7    3    0.244465    116.006    7.62542e+07    8.4068e+07    
7    7    7    4    0.26674    114.518    8.3623e+07    9.1072e+07    
7    7    7    5    0.278818    120.56    8.9091e+07    9.61711e+07    
7    7    7    6    0.291879    111.232    9.33497e+07    1.0015e+08    
7    7    8    2    0.240729    127.312    6.76052e+07    7.55165e+07    
7    7    8    3    0.252105    114.392    7.87565e+07    8.60344e+07    
7    7    8    4    0.274381    112.9    8.64438e+07    9.31853e+07    
7    7    8    5    0.286458    118.822    9.21337e+07    9.8389e+07    
7    7    8    6    0.299519    109.612    9.65697e+07    1.02477e+08    
7    7    9    2    0.24838    125.724    6.95309e+07    7.71089e+07    
7    7    9    3    0.259757    112.909    8.11151e+07    8.78988e+07    
7    7    9    4    0.282032    111.4    8.91079e+07    9.5206e+07    
7    7    9    5    0.29411    117.21    9.50514e+07    1.00533e+08    
7    7    9    6    0.307171    108.123    9.96485e+07    1.04697e+08    
7    7    10    2    0.256043    124.207    7.14004e+07    7.87384e+07    
7    7    10    3    0.26742    111.488    8.34361e+07    8.97743e+07    
7    7    10    4    0.289695    109.966    9.17257e+07    9.72436e+07    
7    7    10    5    0.301773    115.7    9.78813e+07    1.02695e+08    
7    7    10    6    0.314834    106.706    1.02671e+08    1.06945e+08    
7    8    4    2    0.217199    133.848    5.9263e+07    6.81054e+07    
7    8    4    3    0.228575    120.626    6.86745e+07    7.69217e+07    
7    8    4    4    0.25085    119.206    7.52936e+07    8.30345e+07    
7    8    4    5    0.262927    125.594    8.0205e+07    8.74589e+07    
7    8    4    6    0.27599    115.933    8.40046e+07    9.05458e+07    
7    8    5    2    0.224806    131.345    6.19492e+07    7.12512e+07    
7    8    5    3    0.236181    118.264    7.19486e+07    8.10576e+07    
7    8    5    4    0.258456    116.828    7.89566e+07    8.76784e+07    
7    8    5    5    0.270534    123.051    8.41781e+07    9.25228e+07    
7    8    5    6    0.283597    113.573    8.82759e+07    9.62211e+07    
7    8    6    2    0.232424    129.224    6.43469e+07    7.32998e+07    
7    8    6    3    0.2438    116.277    7.48915e+07    8.37177e+07    
7    8    6    4    0.266075    114.836    8.22463e+07    9.08945e+07    
7    8    6    5    0.278152    120.934    8.77382e+07    9.61545e+07    
7    8    6    6    0.291215    111.585    9.20417e+07    1.0033e+08    
7    8    7    2    0.240053    127.392    6.65077e+07    7.5072e+07    
7    8    7    3    0.251429    114.549    7.75576e+07    8.57868e+07    
7    8    7    4    0.273704    113.091    8.52422e+07    9.31626e+07    
7    8    7    5    0.285781    119.063    9.09806e+07    9.85602e+07    
7    8    7    6    0.298844    109.846    9.54669e+07    1.02797e+08    
7    8    8    2    0.247694    125.718    6.85265e+07    7.6738e+07    
7    8    8    3    0.259069    112.995    8.00355e+07    8.77059e+07    
7    8    8    4    0.281344    111.533    8.8039e+07    9.52225e+07    
7    8    8    5    0.293421    117.391    9.39971e+07    1.00719e+08    
7    8    8    6    0.306485    108.289    9.86596e+07    1.0506e+08    
7    8    9    2    0.255345    124.178    7.04423e+07    7.82983e+07    
7    8    9    3    0.266721    111.564    8.2374e+07    8.9532e+07    
7    8    9    4    0.288996    110.086    9.06828e+07    9.7198e+07    
7    8    9    5    0.301073    115.838    9.6893e+07    1.02806e+08    
7    8    9    6    0.314136    106.854    1.01712e+08    1.07224e+08    
7    8    10    2    0.263008    122.708    7.22991e+07    7.99018e+07    
7    8    10    3    0.274384    110.19    8.46777e+07    9.13738e+07    
7    8    10    4    0.296659    108.701    9.32773e+07    9.91951e+07    
7    8    10    5    0.308736    114.379    9.96999e+07    1.04924e+08    
7    8    10    6    0.321799    105.486    1.04711e+08    1.09426e+08    
7    9    4    2    0.224179    131.808    6.03501e+07    6.96428e+07    
7    9    4    3    0.235554    118.793    7.01652e+07    7.89659e+07    
7    9    4    4    0.257828    117.394    7.71313e+07    8.54925e+07    
7    9    4    5    0.269905    123.672    8.23345e+07    9.02506e+07    
7    9    4    6    0.282971    114.138    8.65193e+07    9.4124e+07    
7    9    5    2    0.231786    129.404    6.30059e+07    7.26914e+07    
7    9    5    3    0.243161    116.535    7.34012e+07    8.30428e+07    
7    9    5    4    0.265435    115.126    8.07532e+07    9.00834e+07    
7    9    5    5    0.277512    121.248    8.62665e+07    9.52657e+07    
7    9    5    6    0.290578    111.891    9.06238e+07    9.93577e+07    
7    9    6    2    0.239404    127.362    6.53765e+07    7.4688e+07    
7    9    6    3    0.250779    114.633    7.63126e+07    8.56031e+07    
7    9    6    4    0.273053    113.22    8.40088e+07    9.31991e+07    
7    9    6    5    0.28513    119.225    8.97862e+07    9.87998e+07    
7    9    6    6    0.298196    109.992    9.43577e+07    1.03279e+08    
7    9    7    2    0.247033    125.597    6.75155e+07    7.64165e+07    
7    9    7    3    0.258408    112.975    7.89524e+07    8.76151e+07    
7    9    7    4    0.280682    111.546    8.69768e+07    9.5401e+07    
7    9    7    5    0.292759    117.433    9.29989e+07    1.01133e+08    
7    9    7    6    0.305825    108.327    9.77491e+07    1.05665e+08    
7    9    8    2    0.254674    123.981    6.95157e+07    7.80457e+07    
7    9    8    3    0.266049    111.479    8.14068e+07    8.94881e+07    
7    9    8    4    0.288323    110.05    8.97488e+07    9.7405e+07    
7    9    8    5    0.3004    115.828    9.59881e+07    1.03228e+08    
7    9    8    6    0.313465    106.834    1.00913e+08    1.07861e+08    
7    9    9    2    0.262325    122.491    7.14068e+07    7.9574e+07    
7    9    9    3    0.2737    110.1    8.37255e+07    9.12729e+07    
7    9    9    4    0.295974    108.658    9.2369e+07    9.93324e+07    
7    9    9    5    0.308051    114.334    9.88581e+07    1.05267e+08    
7    9    9    6    0.321117    105.455    1.0394e+08    1.09966e+08    
7    9    10    2    0.269988    121.07    7.32585e+07    8.11508e+07    
7    9    10    3    0.281363    108.775    8.60103e+07    9.30786e+07    
7    9    10    4    0.303637    107.323    9.49435e+07    1.01287e+08    
7    9    10    5    0.315714    112.929    1.01642e+08    1.07336e+08    
7    9    10    6    0.32878    104.138    1.06916e+08    1.12117e+08    
